[space.jpg]
filters=bw=1;unsharp2=1,0.000000;dir_tint=1,0.151487,0.355372,0.994152,0.356725,ffffffff,0;
moddate=379381947c00d601
width=1920
height=1080
textactive=0
